1 0.0003199
0.9990134 0.0005678
0.9960574 0.0013102
0.9911436 0.0025445
0.9842916 0.0042659
0.9755283 0.0064687
0.9648883 0.0091456
0.9524136 0.0122883
0.9381534 0.0158869
0.922164 0.0199176
0.9045085 0.0243403
0.8852567 0.0291062
0.8644844 0.0341925
0.8422736 0.0395959
0.818712 0.0452209
0.7938927 0.0508248
0.7679134 0.056256
0.7408769 0.0616005
0.7128897 0.066888
0.6840623 0.0720117
0.6545085 0.0768824
0.624345 0.0814372
0.5936907 0.0856099
0.5626667 0.0893392
0.5313953 0.0925736
0.5 0.0952446
0.4686048 0.0972734
0.4373334 0.0985886
0.4063094 0.0991011
0.3756551 0.0987146
0.3454915 0.0974992
0.3159378 0.0955923
0.2871104 0.0930877
0.2591232 0.0900535
0.2320866 0.0865351
0.2061074 0.082568
0.181288 0.0781868
0.1577265 0.0734416
0.1355157 0.0683968
0.1147434 0.0630895
0.0954915 0.0575472
0.077836 0.0518326
0.0618467 0.0460331
0.0475865 0.0401911
0.0351118 0.0343439
0.0244717 0.0285068
0.0157084 0.0227922
0.0088564 0.0172206
0.0039426 0.011951
0.0009866 0.0064902
0 0
0.0009866 -0.0044647
0.0039426 -0.009283
0.0088564 -0.0137549
0.0157084 -0.0176932
0.0244717 -0.0213305
0.0351118 -0.0247419
0.0475865 -0.0279683
0.0618467 -0.0310021
0.077836 -0.0338811
0.0954915 -0.0366259
0.1147434 -0.039207
0.1355157 -0.0415859
0.1577265 -0.0437507
0.181288 -0.0457008
0.2061074 -0.0474084
0.2320866 -0.0488491
0.2591232 -0.0500074
0.2871104 -0.0508672
0.3159378 -0.0513967
0.3454915 -0.0515509
0.3756551 -0.0512636
0.4063094 -0.0504031
0.4373334 -0.0488796
0.4686048 -0.046804
0.5 -0.0442916
0.5313953 -0.0414314
0.5626667 -0.0383122
0.5936907 -0.0350101
0.624345 -0.0315853
0.6545085 -0.028109
0.6840623 -0.0246596
0.7128897 -0.0213208
0.7408769 -0.0181728
0.7679134 -0.015297
0.7938927 -0.012843
0.818712 -0.0109218
0.8422736 -0.0093661
0.8644844 -0.0079715
0.8852567 -0.0067002
0.9045085 -0.0055745
0.922164 -0.0045903
0.9381534 -0.00372
0.9524136 -0.0029456
0.9648883 -0.0022624
0.9755283 -0.001676
0.9842916 -0.0011912
0.9911436 -0.0008114
0.9960574 -0.0005387
0.9990134 -0.0003747
1 -0.0003199
